1074
472
1025
243
1653
69
1589
978
1541
1664
276
50
643
1689
1867
1548
1304
664
768
349
383
1156
517
1987
605
790
1694
80
1570
944
1067
1998
1233
425
387
488
566
1370
1411
1392
1630
1933
1903
922
192
708
1879
1217
1469
633
1386
849
711
444
282
1834
195
1238
1869
732
1628
483
1004
1237
1733
1659
1789
325
335
181
58
441
1968
1218
678
1054
562
684
520
654
563
978
1357
1530
1286
651
663
1661
1615
128
622
347
1443
707
1970
1885
634
247
74
1324
816
511
236
866
1823
538
183
422
935
1539
1051
470
387
1416
1644
445
1680
703
1181
318
1687
1891
813
1627
309
1959
185
976
1681
1558
591
1699
577
1631
529
366
1331
1714
317
1890
1290
1243
1921
1803
1830
1023
615
1256
306
63
1570
249
587
809
1335
1849
927
229
117
428
1618
912
1959
1112
883
1317
761
111
239
1192
900
360
1601
580
1570
178
200
338
1826
692
1052
630
975
1867
233
440
827
731
1572
962
1751
374
1053
79
592
415
930
1168
339
615
137
13
1904
1881
1202
1163
1481
1510
450
1629
1493
7
426
229
946
1445
1894
1528
1282
1964
376
504
292
1429
474
326
443
250
697
1667
1889
1719
1628
429
853
575
819
1739
1182
708
197
1275
1335
1044
536
870
1694
1280
1768
73
1652
61
1785
1311
1326
200
1124
1511
1581
1749
413
1297
736
1706
1645
1523
399
1506
761
1735
1518
1964
1755
1215
673
72
799
156
779
1606
1345
1496
1582
669
1981
1725
1502
630
1051
218
1776
1398
967
1200
1922
303
1252
1286
172
1824
458
206
948
778
179
1166
1669
1784
1898
1701
411
1230
1075
254
1811
179
1629
598
1557
1696
16
1014
1826
446
695
104
394
372
1597
590
1702
66
1699
700
599
758
1438
346
1392
1293
275
887
1623
117
1460
454
1351
138
1586
1824
430
931
1781
520
308
51
1129
113
1608
1033
1020
473
1621
855
1671
1724
1878
1499
1477
432
1003
510
1983
766
377
1609
811
598
1135
975
1903
1723
395
1428
818
1969
538
716
227
131
1540
158
1642
224
1263
853
584
1155
1716
790
755
448
4
1196
1728
862
1249
808
1538
855
1755
1614
1823
1207
1483
1548
421
110
46
1051
782
120
223
523
221
810
1205
336
435
458
1743
573
1006
445
1831
1699
1046
85
1881
583
1323
1593
1899
1750
832
145
471
1878
750
1269
498
144
1435
773
1800
1971
1829
1055
1547
258
788
845
1726
554
123
465
490
624
355
797
607
1765
597
212
1556
899
1603
68
1434
239
1647
643
357
587
1075
1142
79
1698
0
1855
1583
1373
1263
146
284
1789
1734
1601
1449
180
1009
1435
168
1378
1564
575
565
111
1763
1738
1258
1510
1153
97
1744
899
296
1025
1320
1003
1939
700
533
1724
602
1168
980
1481
886
1919
895
1099
347
1597
1928
195
223
506
1284
8
892
136
942
1469
1013
966
72
1929
916
1717
265
1246
864
1783
782
1989
1971
1867
130
1320
1304
684
1029
1484
1427
1479
634
999
132
1896
1699
1491
1467
1928
332
1030
107
1560
1414
1547
976
215
509
1844
298
1075
179
1846
1982
581
1547
1007
1231
1011
1282
1444
171
444
1221
354
286
1757
225
99
1225
535
1522
1397
1539
157
644
652
1812
1125
1702
1696
1045
337
1288
1981
162
184
777
448
148
1934
666
1877
764
599
1292
908
739
1897
937
1269
1288
561
555
17
314
236
1548
802
1508
212
160
1969
1893
757
1257
884
346
616
1386
919
78
450
1402
1256
250
1286
281
511
1683
1536
39
124
1690
1635
270
1939
676
515
1471
1374
627
136
1012
546
342
1282
192
1288
102
807
291
1541
676
1418
1004
356
252
1911
533
750
924
972
121
177
666
252
1648
1057
1595
1922
1493
354
1660
692
849
504
1509
842
1926
1863
1408
57
469
1865
1108
1672
1862
533
1244
1247
1737
1209
1485
656
299
101
1781
1487
968
318
118
1806
41
206
1200
1028
121
677
1927
561
1067
1407
1328
622
1396
861
1725
1761
1502
1931
1040
864
1702
238
283
1536
1931
316
390
1809
823
1828
893
188
691
719
60
1250
288
273
191
984
1346
532
1540
1508
841
26
1191
1003
1017
1259
734
1226
1388
128
696
1238
883
759
606
1773
684
1672
1317
1923
1833
1365
999
1998
909
689
1412
1307
1
968
1845
131
179
1115
295
179
1512
381
1292
1711
286
1449
873
864
1584
890
1132
1147
1139
1338
1763
1560
988
1293
1724
99
1947
1126
490
1812
1475
1014
1174
1676
178
644
103
1762
477
1361
721
1310
259
1569
1504
951
528
1582
1177
1020
767
47
296
1245
555
1744
1284
395
909
545
97
1450
1142
608
1287
707
1175
1266
1457
1556
1535
1873
1657
1890
847
1032
1982
955
903
776
1243
1251
913
1466
710
635
1079
980
1740
303
957
1418
136
1506
1015
1214
813
1178
1745
566
830
1428
1659
1072
1306
594
822
306
256
1197
211
1468
409
658
1559
1123
166
965
1717
77
773
1250
977
24
1706
1505
833
216
1126
248
406
1846
1073
1240
868
275
1147
1923
978
620
637
1917
1907
1036
960
771
1294
859
132
260
479
1908
908
1700
1511
1675
742
1229
428
1693
993
264
731
103
1176
964
1632
1889
1199
712
499
73
1721
345
1368
1322
841
573
1506
652
497
7
1877
965
1682
1512
1095
24
626
735
1055
1905
162
331
1914
893
710
1792
1851
1112
281
812
1675
265
1838
1959
101
54
321
986
1338
1693
979
986
1657
1071
418
120
660
641
908
929
440
65
188
276
1424
1710
845
1649
888
376
169
1091
1541
1092
1058
1138
1837
1932
748
1496
196
1290
829
1676
1197
138
1952
907
1255
462
324
1265
1456
262
1953
417
1565
259
478
1683
729
1875
1292
710
520
59
1833
1531
1739
368
803
1611
1250
353
1812
245
1646
585
1167
99
1377
1263
1052
425
1173
2000
1102
1942
328
1481
718
737
186
1695
1000
1708
1319
1769
856
1377
1741
901
425
450
918
257
823
1584
598
147
68
504
1167
1018
803
141
1777
1441
1074
1779
1938
988
713
1022
1360
301
1156
1315
1280
582
13
1219
106
810
906
1647
1579
1187
1574
1464
746
558
1428
1766
15
1068
1058
1550
1639
1050
1799
1830
1679
1955
267
628
671
381
53
235
91
1677
1439
1666
1989
189
1522
349
1150
65
1223
1965
1523
1528
1620
133
1685
1154
677
3
1788
1506
452
1158
444
851
36
153
849
1037
1465
1100
1858
1958
1871
0
225
1007
1911
1762
1894
1531
758
1583
31
1683
945
763
1943
1162
1218
1784
1215
214
546
1418
1542
1509
51
400
1474
1781
1775
903
730
1135
239
853
482
491
758
680
324
726
1437
1492
762
817
453
1733
403
1852
524
1467
1369
1207
173
1245
107
718
937
389
691
12
1798
705
233
868
1881
1016
597
1185
456
1686
316
1787
1852
1168
1479
1323
1388
148
203
1160
446
522
355
766
386
1885
1230
1478
358
663
1501
498
1370
655
1054
750
1542
348
961
1331
1384
317
1110
1927
1513
1258
109
717
1558
204
316
853
629
1024
779
1539
1370
1110
469
883
376
1373
1861
110
593
59
523
1930
344
1052
1999
347
1519
23
1416
1004
386
1595
1376
443
1218
647
1942
952
1764
147
1730
1036
326
840
1738
559
1360
754
1162
146
541
558
1661
662
862
568
1546
660
1888
88
1729
1349
939
1585
409
446
1005
433
632
1402
1111
1320
1969
1066
480
580
466
1531
149
378
953
100
174
1661
581
828
397
201
681
172
440
7
524
624
1046
1718
783
250
924
1545
507
1748
1739
1953
829
683
676
1014
1701
710
1879
1470
1816
1480
931
1179
368
189
1469
1571
1010
1962
229
386
1785
1619
723
124
1761
462
1392
25
644
39
1557
1598
65
941
120
104
1910
1625
942
887
490
850
1299
911
182
473
1841
1685
1279
1310
453
1184
1965
848
836
1826
1050
1454
439
389
1766
411
1423
452
1881
709
1240
1095
403
1657
745
609
1601
1358
192
775
612
1645
200
1844
1896
1725
1122
933
262
81
977
1893
570
27
1658
1339
7
122
590
1202
1460
1880
1475
1252
238
1941
1237
1557
1623
384
520
187
499
14
489
55
778
1620
605
388
356
702
1746
1987
608
1470
1384
1553
985
601
782
1630
122
1389
764
1189
726
689
135
918
1671
994
1552
563
1547
1413
776
828
1777
1110
580
958
1673
1183
885
1915
983
50
425
1436
1598
837
1395
1028
521
1969
827
685
1886
713
1270
1581
323
1314
1500
1953
183
440
1446
1364
1539
1016
952
882
528
1411
1135
1668
1273
452
1029
1381
1467
108
640
1584
265
388
1471
442
1376
1276
1932
193
358
136
649
574
1884
99
821
1369
1823
653
1093
860
1507
135
1955
1601
1596
1870
1709
1108
1006
1058
1176
1577
14
192
1385
763
487
1012
1369
428
421
450
1162
1595
1174
608
1218
1694
1826
1153
1697
1879
1141
356
735
188
25
829
435
1515
895
1671
1217
1552
444
381
1719
169
1727
748
1152
888
1509
1207
991
1472
555
1508
190
136
842
917
71
1146
714
526
763
1053
1439
1765
1242
280
1083
695
1907
293
364
578
823
1409
1685
1835
1586
1984
1467
1453
4
1100
1331
276
229
1878
937
1267
719
1570
936
1887
1582
1115
991
1895
1639
398
1851
858
179
1337
1678
1041
1317
32
1268
1699
1550
1004
547
37
1795
969
443
890
1208
1066
1281
1319
1124
1326
822
759
755
891
1923
1401
1205
487
636
874
1221
177
1527
710
1884
1492
109
33
1706
397
1869
1447
1911
671
132
237
1042
1924
730
194
1943
1433
1811
726
1585
1055
662
1902
1454
474
1593
114
184
667
1037
322
1409
1935
115
1541
704
1795
1144
1013
882
1317
1369
1590
1770
559
1389
1104
1284
1851
964
1553
1117
1339
703
1792
1094
599
1541
77
1731
1454
1029
888
1142
1919
751
856
1196
1674
876
1788
795
1180
93
592
1860
1629
424
551
1634
1808
283
2
565
1271
208
1872
1436
467
1807
1861
1714
1612
1443
1244
1894
1208
1907
1144
1285
1668
714
1916
1972
1824
152
1859
367
1046
1764
1849
621
667
1117
1380
1563
368
846
1408
108
297
1769
871
251
519
1950
1418
152
675
936
1542
452
1183
49
777
1874
331
123
315
1315
1324
682
1087
1998
1213
682
1881
1934
807
1923
466
15
1365
1170
1316
1606
1839
56
1940
991
1959
1301
1387
37
438
96
288
1679
681
1286
44
1062
503
745
1432
1574
1722
1687
302
870
467
372
1801
1711
1704
383
1487
994
836
618
759
786
1140
469
408
413
1804
1570
1437
1293
1901
163
309
1196
605
517
967
695
908
1829
368
1177
659
752
1463
1693
589
974
1048
667
478
1294
1658
1862
134
1217
124
