1293
506
682
1
1289
726
802
34
755
836
1822
1625
1045
1294
896
260
1234
1368
796
1326
44
80
628
15
667
226
742
267
437
506
347
886
291
1216
210
677
1902
546
694
1941
1747
579
241
634
926
960
58
103
1055
1876
1117
1139
270
1485
560
1809
330
419
780
1522
41
629
207
1355
1644
418
1422
1756
1031
1213
1080
883
972
113
638
561
1220
1518
1688
1357
196
1377
213
635
758
746
534
327
748
1450
1728
759
1136
727
725
1699
220
920
1969
1863
1362
346
835
1565
1399
1420
741
1311
1195
1877
1747
535
1437
1299
376
569
1739
683
475
1924
455
1530
960
1283
1070
793
665
1073
1266
788
1718
232
702
865
812
748
601
597
417
1035
1437
254
512
394
1719
469
1706
4
1910
399
1780
504
520
1557
29
986
1016
1595
1904
275
1158
694
499
900
65
1861
1945
410
1280
580
880
502
744
221
142
360
1807
287
1654
1453
749
1013
705
1922
1821
1586
1673
376
286
1950
1369
1680
1037
1424
1210
202
1741
148
1861
118
608
1219
115
1333
1402
1918
1193
504
302
441
1869
1507
956
197
1111
453
677
159
492
1973
998
1771
1460
240
84
1673
581
178
1861
558
1299
1919
1898
386
592
1520
312
1691
683
317
1497
1523
1529
1967
1590
771
1157
1498
495
1720
1038
722
946
1247
812
1675
1686
1121
185
1960
82
8
605
241
636
678
1873
1483
1376
240
1092
1489
1583
650
1757
25
23
1447
252
781
1536
6
884
1996
596
931
645
591
341
1571
1091
1935
1333
121
1127
526
392
911
392
1429
1942
1173
466
1922
695
1079
528
1384
1236
1168
1970
918
1350
1315
1334
601
1631
1505
1230
1797
1908
451
331
123
1303
1828
1360
205
1784
555
802
558
1867
729
125
642
875
1273
857
421
1711
56
1635
1576
473
1714
903
58
263
1343
1500
672
823
870
139
1127
33
62
439
1286
615
70
1151
1573
1075
1489
1692
1491
522
1973
1951
1536
1564
1964
1890
777
556
819
415
1095
1681
1322
563
505
644
454
84
1037
582
20
385
412
1103
166
736
1277
1047
362
841
400
1886
1383
78
1302
1046
1606
1170
30
1519
854
1567
193
1905
1851
1015
1319
19
280
1761
928
1761
1273
1239
298
708
547
1133
237
833
1421
366
1433
1714
1456
1063
1130
1284
1753
795
1261
494
32
1746
1801
118
1374
1717
1894
1312
1744
607
996
636
1443
524
205
1377
1337
118
761
321
1710
422
1290
42
98
276
754
56
1911
771
682
1337
1465
999
809
653
675
1476
836
1764
1476
1389
143
1552
1301
244
1995
1076
1552
99
164
1125
109
1621
604
815
8
697
215
258
151
1299
908
150
144
1033
264
74
1515
198
1955
641
1113
583
1331
456
751
1556
569
834
921
1206
1232
1857
296
427
1238
424
1888
922
451
61
653
572
24
1156
1261
1923
1773
169
184
1169
689
935
221
1312
1046
1531
1128
1647
1901
79
306
21
1549
1684
77
1861
1268
744
1621
788
1938
1325
1072
47
1314
1243
1911
607
1815
1596
1408
1914
154
128
1403
77
1863
15
378
1162
1205
1707
584
1852
882
710
1940
1807
1072
1200
933
950
602
1917
724
1552
193
422
1021
230
94
1192
696
1062
1824
654
113
491
241
675
1894
731
261
335
1686
848
1451
858
1978
1540
226
1765
689
77
454
1841
1262
986
1338
67
1574
1270
222
1742
1964
927
704
1197
1554
1008
969
1122
1112
719
448
506
311
1910
468
694
240
302
1281
560
1217
879
1943
848
178
1867
365
170
581
1925
1785
1612
1124
963
1360
102
1376
341
1496
1662
1776
1410
467
1638
37
208
11
756
1710
1415
559
1495
1956
1986
1237
52
786
113
587
835
1160
332
967
401
1412
1375
1344
995
142
1996
1379
900
177
387
1344
22
1645
1818
1841
1716
1566
902
733
714
551
1988
1246
1931
1253
1364
988
1228
1667
1124
1880
251
679
1631
1678
1602
704
1563
1381
1638
1500
833
781
475
1390
1751
415
139
850
755
1307
437
850
651
2000
1651
789
408
1061
1865
59
40
458
1379
411
1768
1409
556
1100
505
574
534
1711
1447
566
1703
1740
1105
1543
430
220
475
661
710
551
1432
1877
1697
1988
1590
1516
370
436
897
616
1714
735
834
1005
538
838
1573
876
56
437
1050
1335
1290
475
505
999
1696
538
830
1326
1878
877
912
1989
1356
1652
1574
308
357
1441
1931
1858
547
672
1021
1156
1144
247
1815
1365
863
1616
1501
1274
1330
492
1083
782
133
651
1216
1045
535
336
877
1842
1056
236
1062
977
1083
651
1159
692
940
419
19
620
1674
976
1457
27
1134
1337
165
850
1659
175
1328
1104
131
679
117
1300
632
1399
4
1922
28
861
647
1186
1808
1712
1582
189
598
1735
1091
1499
973
683
1034
1957
1012
593
488
581
396
1380
1690
1806
1522
1165
949
1605
282
164
829
18
1023
1850
1850
1370
1371
114
945
666
610
590
468
1325
1402
221
845
1425
887
1431
109
1963
1213
1539
161
626
1573
620
1009
1713
174
472
114
1823
146
161
739
1120
1348
1718
661
500
1090
367
1564
789
996
1432
1525
1739
95
445
204
301
556
248
1841
1989
1145
1589
1135
58
1020
580
45
1659
1958
797
1620
1457
200
1272
870
1869
704
647
86
1864
1059
777
525
1636
1709
1928
355
1612
1391
2000
139
1316
1109
1343
1580
525
1043
732
1066
1746
1247
433
856
1082
1919
315
1322
1730
1973
121
176
1537
1744
1598
1028
136
1072
322
1770
974
1785
1377
401
1423
1166
1535
1051
1681
1621
1719
1976
265
301
126
1654
493
1638
1103
1506
373
14
401
562
1292
840
400
103
1254
637
799
244
1379
230
1295
742
1103
1835
924
1510
1466
304
125
1209
1500
1074
1834
1653
1865
1294
341
1924
1226
1072
1743
1068
1086
1214
1356
1973
1625
1893
1584
1925
727
929
1039
1742
10
1260
1508
809
1225
1534
118
65
330
822
862
1017
798
59
57
1067
678
927
107
925
842
784
1700
1392
880
915
1053
1922
413
17
1115
449
1067
1636
1503
1525
735
298
1021
444
1919
1124
355
1577
275
1245
523
1544
49
1301
1042
88
1787
1158
889
383
1580
1912
1048
607
737
882
1910
1713
56
692
397
1641
1706
603
1239
1865
435
562
1519
1564
37
643
940
565
456
1938
881
153
175
1023
1146
1735
159
825
727
554
1889
1082
258
1348
980
782
1522
536
943
1318
600
543
46
1687
961
740
1731
454
1114
245
1821
12
1202
711
435
639
149
1188
730
1367
1076
256
432
1241
286
1100
1689
131
246
1251
1983
840
844
1544
310
530
4
1563
1242
1339
851
269
1684
1874
186
1072
466
1094
931
175
119
1357
1509
47
932
1330
1042
330
1499
1933
354
527
1704
910
304
301
1831
1284
1131
1844
806
464
139
821
1255
777
1213
1228
570
1986
346
124
231
1243
1815
1706
1728
250
1719
146
225
487
1848
440
321
1915
956
1457
1845
211
1471
1692
312
810
622
1648
1270
743
1028
615
1444
1865
1197
444
967
1380
837
694
1857
815
1913
1159
1831
735
1331
1369
1028
3
333
1957
992
704
1239
1927
819
1581
1371
1388
1547
1292
1825
1002
240
1342
934
714
1125
1954
283
1172
1008
1133
123
1900
390
1060
524
1005
101
1031
14
771
1347
1586
980
1668
1703
1858
1542
369
980
736
1548
508
136
1392
1336
576
1649
747
844
347
1089
276
1304
210
685
1268
1584
690
1794
313
102
1572
272
1216
1532
1853
1816
1826
442
1906
152
813
782
1547
183
745
1219
949
1965
447
960
253
1028
811
1074
170
215
1386
1178
1586
1465
1425
724
686
450
1528
1474
1469
258
562
1790
370
382
1853
991
758
1351
959
1452
240
885
1583
1924
184
1848
1379
565
430
725
976
964
1484
817
1482
845
227
1290
1616
399
172
1390
954
950
223
490
638
1767
220
1051
557
1451
372
1275
108
298
1022
555
1242
1030
999
1374
1709
596
129
265
1908
321
1397
939
1719
1897
1396
564
508
599
1177
1555
793
760
1543
1873
1501
868
1114
1048
169
880
1978
737
682
394
1420
1194
1559
1557
78
1203
1029
177
512
1467
1874
1019
499
1217
410
682
935
1614
526
1522
1428
1910
982
314
218
1061
852
94
1921
1956
461
511
1841
982
1387
413
1171
936
1024
1873
1658
417
711
810
974
1568
29
1919
94
1037
914
255
1935
1500
853
1712
777
1537
558
826
866
1201
1120
87
1264
1356
1791
700
1864
419
1602
594
281
436
957
1959
1475
214
1224
931
1742
253
1074
1793
856
1584
1955
1697
148
722
924
122
515
38
1369
1670
463
692
1473
1531
193
874
706
1974
1850
588
1945
193
451
254
1426
248
82
1969
1680
932
1236
457
1620
195
542
1873
132
786
1627
457
518
1862
299
122
527
1953
1375
317
1490
1928
1693
192
604
372
1376
1621
1860
617
878
593
687
1456
1905
1932
1866
282
1179
889
1771
1385
1516
1095
666
242
253
1733
133
1387
1243
316
105
171
1434
808
1709
1842
703
1494
1218
621
485
1059
64
1603
921
767
316
86
781
1412
210
1707
1773
1941
506
1551
1932
1168
745
1334
1893
1311
1535
1946
1078
276
579
1170
1080
936
1117
599
693
1979
960
123
1149
1078
241
1548
77
1447
175
195
63
746
1302
994
554
103
657
1849
277
1943
688
543
569
477
1935
1712
1287
269
581
1667
821
1935
1218
572
298
446
684
1222
1973
777
1060
383
389
803
1835
818
301
663
202
1510
323
1400
202
1367
97
1587
1440
763
104
9
750
802
742
1253
1760
381
1317
131
1019
807
1510
151
1450
1977
541
422
408
239
975
615
540
1250
1127
1092
842
127
1018
1379
1820
1101
1565
86
829
1266
1606
221
1985
1302
799
1424
1385
409
600
1674
609
474
9
1350
1161
408
1649
499
1612
589
672
463
1939
1021
605
1246
582
337
1475
1970
43
1746
813
579
1823
1068
646
1421
218
1077
1892
1433
1922
798
1089
1988
308
69
280
646
1174
1497
284
799
866
1715
986
835
960
215
1763
1749
1060
1053
1589
118
348
1762
1519
300
1651
1170
1633
1548
1121
1660
885
1987
1816
691
983
1911
1181
427
1938
943
1460
524
1907
503
1122
1279
982
1878
1421
228
1461
1437
620
725
1083
1107
455
20
754
234
1115
392
1403
550
1228
1416
593
956
1482
1114
88
1015
570
396
1018
607
1965
1466
1092
550
869
849
914
923
1504
412
285
1936
197
85
1868
178
31
1416
312
324
700
580
1564
1483
660
1527
1245
1588
1780
1110
1309
1726
1371
325
1494
1309
920
746
37
1222
844
1439
1972
1294
44
382
1143
1144
561
1358
697
992
186
171
1502
1332
1716
1577
951
427
