1284
879
1584
978
792
1366
244
934
1303
1387
1100
1583
1671
1642
192
1883
1111
478
79
291
643
1942
835
1497
775
590
299
270
1605
456
963
266
1005
246
1192
1168
205
154
1560
895
363
1913
764
410
341
1115
1392
1668
779
885
1937
1745
212
1486
459
1102
1025
40
1983
1693
1045
524
820
775
881
1843
106
1750
551
153
1591
1182
1587
1178
1196
1791
1675
1540
1547
161
1925
1730
1822
2000
502
1753
844
1828
1730
1641
409
1129
1101
618
1795
263
1682
116
1809
907
267
1443
1617
840
793
535
1365
1970
21
1936
10
461
1589
122
140
1875
1247
1050
1170
849
844
249
1376
1605
1676
1173
439
354
1386
149
528
1480
1135
1800
1861
692
425
1184
1712
453
1270
1544
1480
994
931
81
912
1282
87
1718
214
340
1079
1482
805
714
1927
1667
379
912
174
1488
1988
853
1469
1612
772
852
1605
1132
1468
101
1271
1892
109
1863
423
1524
527
294
645
569
1594
264
951
1341
1835
1259
128
593
1698
1033
1132
810
813
1730
146
124
214
824
1686
1555
1276
399
1345
1184
792
1654
301
1575
906
377
1836
1686
398
981
833
1354
66
1233
97
989
1443
1963
1758
1978
1859
789
1643
237
1725
986
574
823
568
1350
256
1303
1977
135
400
789
1385
332
998
1951
191
1222
156
933
385
1501
53
777
943
777
316
491
847
901
1669
1714
1356
423
1199
1695
257
1242
1499
1111
789
1416
351
1695
1211
1973
1390
1386
1188
340
698
799
818
176
43
1776
911
211
1192
216
252
1436
1354
740
260
1481
507
189
1742
1938
376
1930
979
329
1611
894
1673
277
1461
424
572
118
1917
506
433
8
1804
622
683
1679
224
504
1634
1248
72
1448
725
1347
204
1833
327
449
1062
430
1420
1946
527
1958
1932
1936
1633
1564
877
1555
1724
821
935
1581
67
383
1253
246
1916
1149
966
1987
1445
444
1082
1016
1322
1816
1190
504
1025
1260
105
748
1654
82
504
1955
1963
181
1636
1851
1500
1749
1182
409
1200
54
883
780
1290
1293
873
501
1550
1760
1621
159
1863
1191
1314
1945
957
1963
1341
947
798
658
436
633
857
1930
1503
374
1014
985
733
1199
844
97
75
934
1191
1495
535
1823
1209
1685
696
1833
295
1209
623
114
1207
1198
13
1566
976
1374
1683
1044
469
425
564
628
232
874
106
1318
888
311
1327
1763
657
868
1819
1666
1358
38
1848
428
339
559
220
1309
822
1247
1706
1990
973
237
1420
1116
6
1955
5
1392
379
262
954
536
768
832
27
726
529
485
632
1505
277
1527
232
1671
1146
117
247
427
638
1594
789
1857
395
1570
191
1546
197
464
1954
751
111
185
1821
4
331
386
371
1661
1684
518
969
748
132
1106
1610
313
328
128
1298
32
1657
1249
351
1170
415
1033
1807
1659
83
41
246
222
483
6
1392
1917
352
1877
179
908
273
1433
1936
1912
1133
543
1101
764
1284
1348
1249
1152
574
1248
770
1439
1234
636
609
863
990
1643
27
1518
601
496
434
438
1285
544
1412
643
56
18
1700
1559
1693
304
1152
1862
29
1287
728
1503
1721
124
133
1036
1253
88
260
1607
378
1330
1844
516
273
1801
110
625
1008
1938
1359
1247
364
142
194
687
425
1096
386
120
997
186
906
1445
138
1107
632
1565
721
157
375
833
1748
1433
105
1443
1140
150
95
620
782
1765
1526
642
1636
787
1849
1110
123
1180
1223
924
550
1672
1919
1810
1956
727
1012
1363
1987
351
414
925
1548
83
287
23
575
550
1512
1193
1562
894
1650
1358
580
365
435
606
1375
1774
379
1733
1930
882
1620
354
1258
505
559
658
902
1060
332
1814
1470
1921
477
1293
1383
1547
1456
963
274
1804
279
1004
1786
1428
570
520
141
13
1702
1016
1008
1750
517
733
225
475
1605
756
589
1585
712
1923
1963
265
1895
1716
521
872
1886
1881
1363
386
726
1789
968
542
692
1678
105
0
975
753
599
633
1695
1452
668
1792
1324
1999
381
613
1423
40
1579
1354
1099
846
35
1382
320
1728
950
1428
1136
1012
1994
556
24
1865
515
517
1075
1338
1359
430
935
1772
169
1182
491
854
441
355
1762
1367
218
273
260
1745
591
1425
24
410
475
121
355
608
653
1152
775
1404
1924
378
432
1371
1656
1503
1375
1159
1171
1356
889
904
450
1372
1570
46
1298
1395
24
1822
987
621
445
1073
1212
1689
162
764
432
1560
1458
1629
977
244
52
1415
70
1736
136
569
1337
826
994
1164
1763
382
1612
1869
1826
1619
1764
1116
264
1849
902
768
1336
141
1726
380
370
1115
765
996
1093
1618
88
202
620
1186
1500
158
1975
359
960
1201
721
746
1591
799
964
1224
1544
308
1148
855
1644
1053
1219
717
1765
914
1798
1090
1453
1449
1756
733
495
1012
1502
541
1823
620
162
1710
142
39
1224
852
766
552
937
1989
350
423
1835
90
833
834
1054
565
1167
422
1387
812
1234
409
345
97
586
954
132
1048
1225
721
1403
323
1232
67
1581
1824
1749
1566
1748
461
717
1356
467
1931
15
217
29
1107
173
324
641
1498
1004
793
607
1582
1582
205
794
1364
1679
686
418
561
1134
959
1263
1123
474
559
260
1829
1153
973
1061
791
818
631
73
631
935
1225
808
821
299
1334
758
38
19
588
1261
1657
109
1557
896
1087
273
164
1057
1939
1785
607
1970
1385
1194
1736
331
640
385
388
913
1927
627
1035
1554
981
985
920
895
928
1068
310
1145
1081
545
842
745
1025
1063
1178
1356
238
520
1594
1352
170
273
740
429
947
1150
735
585
1454
1264
148
1067
1268
1058
128
269
1152
487
89
1196
709
616
1039
1833
712
792
1493
938
1163
228
261
696
1517
1855
431
574
253
1993
921
1282
673
1409
1806
158
580
1123
1893
962
304
24
728
1249
956
2
1112
566
1882
599
1444
343
1526
1389
439
845
1551
958
43
1254
1963
1314
845
1522
936
586
1289
1551
1562
315
1359
1669
488
1701
87
654
1573
764
384
748
679
1503
69
403
988
1449
1084
1956
1725
1618
389
1328
1308
1471
1380
777
1159
922
520
1398
220
684
206
313
106
857
1307
1580
1690
321
290
821
535
516
981
1362
679
1068
722
1530
1514
1718
719
1261
86
483
1197
188
425
1480
1287
1094
1193
126
1950
772
645
1416
397
804
205
1393
1872
276
785
1397
1008
489
929
177
373
221
927
653
456
1250
1692
871
131
862
1802
1389
1853
655
700
667
1465
1769
1901
819
1316
1492
214
379
691
225
672
1688
1319
1397
1119
661
865
699
514
1273
809
365
577
1085
1705
1371
1077
1220
641
390
1805
1520
620
1422
1058
706
1080
1898
1363
933
586
1367
671
1056
1531
1391
1530
1778
1758
66
298
1292
799
1930
672
1644
1782
364
1848
267
1102
1473
952
158
1901
1539
1344
1718
1910
57
651
396
415
1890
1199
1720
1395
547
193
1512
197
218
210
1229
1396
582
28
74
577
855
609
1397
735
1474
98
384
1703
1097
1874
1842
1429
742
80
1227
748
771
620
369
1267
359
1976
228
56
207
1431
462
1393
1120
409
1895
1683
943
437
939
1315
1453
1041
414
1388
1038
371
1972
1210
616
750
168
879
1683
9
1747
814
124
651
266
564
542
142
1591
509
360
428
1948
907
873
1780
1682
153
25
452
849
905
1360
234
789
486
780
1989
1074
1565
1385
959
617
721
894
1879
711
1647
385
414
46
669
133
97
1795
1245
1641
941
245
339
312
1090
882
395
188
1
196
221
1945
1861
1037
1633
1640
814
1381
1743
262
504
331
554
1344
1024
1980
74
1722
1807
342
1858
168
1920
228
1146
1859
1954
617
355
251
1834
748
1906
116
459
613
558
1837
1861
748
1890
1425
323
150
88
843
1446
1644
1446
1202
40
67
548
1797
357
845
1165
116
1272
61
1569
449
1750
57
1131
246
1704
1350
220
215
1243
287
1603
129
1948
163
1660
1412
1753
371
822
1141
855
55
454
898
415
1777
1844
666
678
1350
35
1727
188
1436
799
601
1697
81
416
943
1974
1581
847
1278
889
589
1282
1325
808
1717
125
303
340
1288
895
368
1982
625
647
1889
853
1858
788
15
331
400
1336
1327
450
747
669
234
1997
585
412
1633
1335
830
398
1616
1481
1093
901
1251
1031
534
895
129
1908
1038
1720
610
1271
1885
1592
169
89
959
289
851
1111
1199
889
301
999
1284
476
810
1016
1390
316
1109
582
230
744
187
1986
30
186
292
917
1853
622
176
736
555
1969
955
289
659
1191
248
945
417
352
371
182
525
484
1753
873
1076
133
478
1849
1455
1340
43
823
1777
6
865
1209
41
1462
1303
680
1623
1668
826
309
84
440
1669
1855
494
624
852
1100
821
1830
1025
922
1156
1392
1225
1849
1698
950
439
1414
953
917
367
1962
906
1640
1553
168
390
16
740
133
1550
1026
279
1101
1262
1472
342
578
118
1427
142
1378
1897
1981
1239
1387
970
105
250
1532
1500
214
1648
178
284
1228
722
956
742
269
1538
1175
1353
1818
953
863
335
287
694
28
1534
80
496
1974
61
1907
1495
507
1478
1487
1265
1495
163
1007
1499
1455
879
1071
622
737
414
176
1051
1537
1467
1463
892
251
1369
1816
1355
1957
1819
627
1781
1190
1922
960
659
1420
1415
1907
657
1434
28
456
1688
1638
853
172
754
1093
588
426
1741
937
556
100
1232
1937
382
963
422
867
1137
1551
211
366
761
476
628
154
1159
1395
1454
1101
1636
1681
242
1059
1202
1388
411
1854
1293
1324
1644
1366
190
97
1700
1878
1420
1459
537
1357
468
1470
250
1706
1669
336
633
129
175
356
29
765
466
1698
1925
1463
1369
149
1102
1722
1114
893
515
336
857
178
1348
1680
951
712
170
1055
1864
222
813
510
1057
1811
272
1787
78
1170
940
1965
689
1064
286
152
1452
1513
941
1299
1388
1206
377
1195
1830
130
348
1393
1810
1630
1283
1190
995
1486
500
1521
1921
1456
220
1020
416
1880
1437
1124
1926
182
258
1953
1086
686
1164
169
259
365
157
215
159
439
93
473
783
191
391
1791
1459
649
1119
595
1141
392
767
1009
370
963
655
147
741
1311
758
1280
3
1645
1939
1931
778
280
294
1235
193
963
1234
1655
615
862
1
727
1804
17
1555
1621
753
631
1588
1752
1646
889
281
999
250
609
501
1581
189
1685
1837
379
1515
1629
330
1283
663
1646
1358
960
1656
1777
1899
276
1214
1916
1033
1641
1260
1015
1094
1634
1490
1400
1202
788
1114
960
715
1994
1038
270
627
117
120
183
1551
409
1415
1821
1283
195
1943
1085
358
646
1237
1367
