702
363
1208
145
1111
1718
1001
1233
1715
330
1072
822
428
1322
1492
1400
39
808
450
1157
559
1363
930
1413
763
132
135
877
1596
1303
15
824
1664
614
1129
1927
1826
1384
1482
898
1550
663
1215
1935
1128
1003
1789
163
972
1237
1576
305
1935
1742
1963
424
1423
1481
413
1036
393
935
862
1886
1259
684
1542
467
236
400
806
1407
1055
1639
924
964
43
1955
368
241
38
1288
1345
281
1626
644
372
1197
969
416
965
1632
1717
438
1242
446
1360
334
914
1265
190
1791
1293
659
632
902
308
330
1256
1104
1336
1522
1445
1294
857
876
1784
1797
1665
1533
1575
1694
1133
945
198
196
142
1619
965
494
173
72
885
471
205
834
1915
876
1749
1584
389
360
63
1184
992
1733
1096
498
1491
555
1220
1611
314
737
996
1949
118
1593
1946
1828
1804
440
1142
113
1923
1058
1934
741
602
1934
258
1566
1399
1248
1306
1431
1057
264
1372
1932
1866
1122
1503
1929
794
797
88
982
51
721
845
589
1697
1316
1309
1039
1423
10
334
636
727
381
22
40
48
1444
437
832
1560
1960
274
1330
1483
1612
508
343
1255
1498
519
1216
603
155
1883
1586
959
1279
1491
1033
1522
484
904
1012
1126
665
803
1380
202
1526
1705
444
1635
1313
1910
766
476
1088
1068
1882
1261
9
314
287
877
653
1839
1595
1679
1668
490
226
1805
1975
1532
295
1776
1924
328
1257
1229
1839
1165
1517
169
1220
1513
1348
1829
1360
39
316
1558
75
692
704
924
41
1629
1600
235
999
437
1487
1233
1333
871
275
1452
1235
1424
951
450
1352
200
1104
1939
1063
1698
339
697
1186
1924
508
1386
1209
258
13
1143
1809
126
1996
935
1333
1344
284
688
587
407
234
1702
965
1565
1337
1383
1302
1928
134
1719
226
1853
1508
1803
1887
1260
1433
964
1959
1786
1933
335
1087
1924
1945
888
1797
1661
605
1115
995
1476
580
1902
147
85
699
1665
1721
1079
296
665
258
393
809
1740
281
337
609
110
1595
1241
801
491
1253
1622
404
1323
690
1619
387
1823
146
1080
306
858
1087
223
1123
1685
1845
1894
1364
437
244
381
1751
1375
583
1881
1206
1794
1162
1403
1672
1106
577
529
1093
153
322
577
776
411
1078
442
1038
174
878
1940
709
1998
528
1470
1565
1391
388
1565
541
1798
1594
872
586
1164
747
1732
836
13
1932
83
644
86
642
480
1351
1942
641
1693
1369
1923
808
1599
1923
1441
557
1361
1061
1813
1238
901
1341
1045
660
425
173
839
1244
167
1314
417
1656
1250
296
1096
259
1534
513
1300
1901
832
236
1180
1121
835
875
492
490
628
1131
1029
910
358
427
832
1377
803
79
1023
68
1818
548
1772
370
1767
1641
896
498
448
1818
1698
1772
1083
563
911
1015
1406
68
655
634
1575
1809
1112
1064
126
910
1595
1810
283
1740
1412
959
1160
1084
1975
1185
1784
1457
856
1721
16
388
1028
1366
1589
175
1675
191
1458
312
641
1010
722
1873
1774
1536
197
1899
652
1136
1140
1088
1278
1722
1583
1891
1177
956
1815
836
842
463
1466
1034
126
461
1640
987
1248
113
660
86
1458
536
473
644
1650
1065
23
680
468
1709
605
1718
673
1827
400
1314
1580
702
1522
725
1044
1726
599
231
672
1117
686
1680
1528
358
969
67
984
667
894
1234
769
10
996
1119
694
1750
266
1940
924
1518
1246
1813
1296
1755
1913
643
1597
1191
268
34
1013
985
977
648
439
1786
1833
917
107
232
847
1608
1643
43
997
1292
1866
1462
682
707
689
324
820
980
1966
179
1061
1154
548
1487
1734
285
1601
1305
5
1553
928
813
572
637
330
746
1484
1759
1734
1174
1543
12
882
228
856
982
627
196
774
553
889
248
1889
1735
1836
1933
143
1652
1246
1933
670
1360
1366
259
747
1874
304
1361
187
473
1023
1296
1906
1250
131
1441
60
1542
985
703
1307
1081
1805
639
1016
1956
490
1880
462
70
116
1290
596
1437
1753
224
1494
786
1362
1833
1094
1334
1171
189
703
116
1301
194
287
656
1562
1532
109
989
1283
356
1928
281
297
870
393
690
640
1774
1824
245
1293
617
396
1191
1763
32
1626
1406
640
1814
247
1408
833
173
597
217
146
383
1686
1084
218
1810
521
168
470
1066
202
761
46
751
1885
1079
1111
158
886
513
619
349
1598
1613
1220
385
1027
159
494
957
557
623
1337
1274
910
1260
1173
738
71
245
1433
44
1093
935
1495
1707
138
1637
594
397
1172
1201
507
210
790
910
1840
1202
1393
755
1376
510
1343
1890
1383
445
971
395
342
1286
376
1790
520
1411
697
1941
1484
277
157
856
1493
1514
136
1092
227
589
1308
371
1322
1916
725
1152
580
100
814
1961
520
925
437
459
728
146
1423
54
1674
1349
680
558
1206
236
1151
1578
1005
244
121
1890
13
626
1735
1501
892
546
664
1681
1980
846
491
810
678
24
28
253
824
527
1447
892
805
989
570
757
1714
1027
993
926
1301
1827
1769
1264
1778
255
1646
1592
1169
1500
1619
1839
1447
682
1823
621
881
1242
748
34
278
1844
419
1904
1867
914
1255
1235
1494
1906
75
1170
892
57
854
623
1383
491
1019
1969
913
114
233
1869
1504
963
1705
427
248
20
601
656
622
350
355
651
1232
1507
45
792
67
98
1191
94
898
1604
88
49
813
1717
881
1270
1152
88
1891
1902
422
1038
161
1285
1808
563
461
1142
1865
172
384
975
1883
758
506
543
895
1758
261
1180
496
1531
1349
37
1934
521
1532
730
834
999
862
1004
1652
1579
618
1665
1911
1168
736
1239
1503
148
1105
1451
374
584
1630
1315
67
965
1530
402
143
1740
1976
1050
162
546
1790
720
531
921
586
1761
127
536
1021
278
886
415
1396
827
706
863
1681
1082
707
613
1124
527
989
406
1821
1727
1331
1086
406
991
1272
1213
1350
1531
773
923
1370
781
464
964
1063
682
648
958
1491
101
1384
1936
1779
695
533
1347
40
716
1285
302
816
1669
318
620
1637
1157
548
891
1730
48
1108
204
1140
1423
1155
1043
739
1307
426
1296
236
1712
1302
1717
35
221
43
812
1058
1324
1460
1492
1302
1221
1970
959
1142
1673
867
1743
1665
1798
675
1339
248
1951
1967
1501
998
1488
994
1156
1140
1904
1184
126
1151
1915
1426
1926
1893
105
926
1408
1418
400
1114
763
177
1625
1123
1447
636
1561
842
1946
446
181
29
1243
378
1592
373
168
1047
729
787
129
1484
1436
315
214
820
58
1977
873
1098
1489
1339
26
869
445
463
1258
864
1341
901
452
582
1536
1327
1731
857
1369
22
1502
429
1915
259
1023
1730
19
713
1599
858
614
252
1142
1197
1786
660
258
687
1337
1091
283
86
1802
1403
1182
1819
26
667
1322
584
1058
1614
568
612
1144
1816
785
125
922
359
534
742
576
1813
1522
1457
834
1500
785
1372
1509
881
989
1467
597
1201
868
880
441
615
369
703
1836
741
679
1562
1331
1814
1151
1815
738
888
644
1671
664
713
1023
719
493
1970
1074
366
1997
1462
33
750
633
1466
1818
1721
1223
1
729
1506
1019
552
662
392
1182
696
172
968
1225
432
1504
1725
679
506
1042
1320
150
386
729
682
1633
314
1211
313
1221
973
513
1223
1230
295
687
455
161
309
333
1116
1658
1562
1745
857
879
586
1241
70
1618
478
276
619
550
627
834
1059
1272
1452
1947
1345
1816
1257
409
1529
1171
1328
307
1094
139
756
1687
196
1710
153
1052
1344
1912
1360
1519
599
632
1588
1577
18
1883
929
1434
1456
1043
1240
577
490
654
127
614
871
949
1988
1960
1162
1330
1534
610
1594
1254
1916
1864
1204
90
1601
991
254
925
689
1480
1152
1374
224
1224
155
1209
1460
737
1962
1538
1510
777
789
1207
1156
1945
248
1019
1631
778
32
978
254
873
976
1087
1861
253
776
951
692
96
1545
914
340
55
1977
1815
1499
1410
1201
1952
1220
1843
73
1907
287
856
450
573
977
1835
1337
488
981
991
1331
1241
506
1497
487
325
99
387
1447
1967
848
1666
1009
1052
686
976
919
663
137
127
661
10
1109
1260
1001
487
1519
1311
769
191
1720
1902
842
1958
1819
756
1267
1917
1834
419
137
518
13
528
651
1100
1534
931
240
224
1115
171
688
1944
976
108
1908
1653
1009
1273
406
836
1070
248
152
1177
1126
1320
441
1112
1877
588
724
851
1275
1393
628
655
450
1161
650
1598
1508
886
1955
1414
1776
916
1771
1395
488
497
1885
1470
1844
855
1124
1803
596
1944
1440
1023
1412
1609
223
259
1150
1163
660
1182
1585
1322
1527
1483
551
1368
1423
1990
729
456
190
1729
33
700
1723
596
44
1789
1478
993
49
447
1134
1332
1689
991
1215
1036
908
1011
1530
291
1914
1997
435
1759
1677
924
681
593
1390
1871
1445
1260
202
505
461
202
372
701
1304
1971
1320
1028
608
1720
150
773
335
719
1433
180
1695
1268
143
1740
1475
735
355
1848
792
886
1882
1872
977
1758
861
1047
1048
543
593
557
194
12
536
921
1943
54
1734
1034
1037
283
756
1567
1539
1745
844
578
1954
1426
219
404
1311
1978
1119
1682
1181
162
1487
1287
1481
1342
1085
410
1994
297
182
1911
1332
963
769
1801
1833
386
762
95
1597
307
1715
42
860
496
1359
1042
1138
832
1359
1618
179
1248
1945
1200
254
419
584
908
1967
1275
1486
522
650
680
44
1616
800
1306
1916
1117
645
1780
781
1218
577
900
1353
1669
1546
1549
752
91
378
1275
1426
236
1836
1194
1337
1076
1367
330
618
827
1347
520
926
710
255
729
708
692
1987
675
264
14
1068
1667
700
162
590
101
441
467
889
760
83
80
1181
923
1116
700
1966
301
111
176
1683
197
1294
861
1242
1910
672
348
703
1118
1032
866
1265
457
318
1074
1699
1759
1655
559
1936
1547
1263
699
493
720
1978
447
1764
1850
952
1960
528
634
1441
1829
835
1198
135
620
1129
231
1527
556
527
1492
1870
884
971
1930
1136
1990
712
566
1987
1345
1906
1195
1426
1579
1115
1800
1023
1537
486
176
1326
498
1284
1534
863
1042
605
1141
1045
1369
173
939
1065
1450
670
1052
783
1735
97
1668
43
1520
189
545
111
1839
464
657
1553
752
481
315
21
811
1733
1063
769
1608
554
93
1252
347
181
1879
1343
452
1417
673
1397
208
818
1697
209
1566
1163
481
1274
1404
949
1209
1684
1607
320
1687
740
1962
1119
1725
1310
463
1872
970
967
560
441
949
1188
1152
340
449
1757
1980
931
1980
414
315
1028
1044
915
760
840
978
1944
1855
516
245
1373
44
767
1197
709
1271
1825
143
1387
1136
1136
797
