842
977
1421
998
1208
534
1923
1849
1773
1023
1016
421
1796
273
1277
1784
1575
1002
1663
340
1773
404
393
1152
1496
1777
328
1212
26
1558
1051
811
636
1801
515
1411
1819
1122
422
1192
988
1983
555
1725
1866
1313
991
368
1414
1936
556
1365
677
636
1740
1413
1579
367
1645
870
1241
1334
1980
804
1209
1068
489
189
1461
1654
1375
1527
25
856
1746
1331
800
82
770
1524
1941
939
69
367
374
1048
1669
1233
918
433
1725
1883
1147
284
193
1332
1643
1774
1727
341
874
1934
1218
1906
652
1438
256
1018
1250
1352
1878
776
1892
1463
341
1860
190
789
1333
1515
160
784
69
533
372
1788
1788
461
1655
579
1710
1935
1198
182
1638
1782
606
179
106
1194
75
857
225
882
1550
1793
650
320
160
701
836
266
1096
1324
457
173
314
1000
926
990
132
1975
57
880
1015
984
1523
494
1382
421
1392
1554
1613
844
759
27
1045
1673
1931
1203
1023
435
1148
59
1415
597
151
826
1020
394
1504
1084
507
1905
58
493
828
1210
1701
1898
1919
1766
1583
1257
1035
356
1265
1223
970
1713
1051
440
1384
1930
989
575
630
1065
1275
1571
669
1309
887
1421
798
1688
1909
560
678
1144
1731
896
1835
679
956
290
366
1000
1766
1048
1173
1207
547
531
1971
1593
1483
1657
1041
1120
1374
288
1867
1814
1356
43
697
1170
1997
93
1434
1351
1261
1109
329
1348
1604
1222
1257
1683
240
484
1426
1405
1894
223
826
1286
215
1464
99
845
1505
1292
1766
1937
295
160
679
1076
1696
698
531
1203
1222
1586
1311
418
786
1236
1750
1720
1017
868
61
94
1095
1458
21
682
1519
902
271
961
401
78
329
311
1667
329
570
800
406
727
526
908
1375
1724
403
1549
1875
1020
461
461
627
1941
1791
507
951
1016
1994
414
1257
716
1162
1940
1479
649
423
180
196
1569
603
1175
1219
55
305
1887
1005
585
1961
975
749
1720
773
412
90
351
850
1113
293
1429
1402
1048
1179
1300
502
1872
824
840
274
1058
1758
881
609
1362
389
763
870
639
204
1318
1964
1304
657
944
427
1081
457
250
644
1268
129
581
368
1968
222
1609
268
1845
18
1554
861
1292
1564
1684
1443
32
1644
1314
257
502
1637
1283
701
555
774
407
1122
1436
323
1000
60
878
306
142
1032
1625
1812
136
322
279
607
874
341
56
343
204
792
1578
1874
1080
1680
703
1335
864
1325
555
1877
849
1532
1763
1936
1437
1836
1254
633
1364
594
1930
127
1865
548
572
1641
992
1427
1373
553
361
1436
1483
1641
612
129
173
419
199
1758
1006
823
1019
1427
1020
170
1901
909
193
986
795
1232
1561
1252
1515
251
1234
390
1785
1323
221
1663
1478
327
68
1963
453
223
1326
1849
144
1134
1126
620
1737
779
913
980
158
643
919
1179
1161
283
1423
1054
1212
302
1121
827
977
1297
1329
1052
1149
127
737
146
1041
1825
593
1653
48
479
992
1923
5
838
1261
725
1971
1215
362
1395
1713
1734
341
1519
1556
1872
1836
1270
525
1265
300
419
949
1559
355
1661
473
1582
726
1871
1106
821
417
143
853
0
526
1175
464
117
1312
820
1949
434
28
31
446
1894
1874
229
1128
1096
968
698
1076
675
589
1288
1835
1361
710
1727
1616
425
447
457
379
520
1839
1862
1023
606
546
830
157
1390
1402
437
1984
1137
617
1432
1402
1626
1963
1135
1817
33
711
96
1922
1688
571
750
935
1449
162
1258
1821
1335
427
757
964
1135
417
832
435
1561
1488
629
1112
118
1181
151
1411
1034
405
1996
411
575
905
799
640
326
27
1919
241
1962
526
1324
837
433
1210
530
1446
760
622
1331
1411
65
1255
1658
1897
1166
211
1161
1765
1604
1491
1213
67
1635
1281
1153
250
306
906
1168
1303
1156
17
988
725
863
1558
896
572
1730
1874
1198
340
1118
464
1398
224
991
1436
877
1041
305
284
1557
1696
976
1603
403
390
1071
1188
1828
1390
353
1940
780
1928
293
224
1894
1394
722
654
1715
16
1584
1446
614
1457
97
607
1134
1016
624
982
394
1148
309
717
460
1630
198
598
1197
1996
114
1096
306
161
212
780
799
10
1046
750
610
160
1292
1686
1579
950
8
1089
480
1337
1563
384
873
1155
160
36
103
336
255
490
1391
792
1127
795
369
167
1349
773
187
1900
150
1427
1311
523
163
439
876
650
1339
1712
1323
1316
775
1709
148
566
1095
1175
358
972
1089
1052
974
720
1649
335
1789
81
737
1386
95
1899
331
1268
404
1789
95
1934
1645
1219
366
1951
151
1849
206
1741
1461
1169
987
298
1573
1482
1042
140
650
1448
1838
381
1664
1428
325
1943
631
845
1624
1792
539
413
1693
812
891
218
644
271
1839
1793
1193
761
1034
1572
1070
1284
1898
1661
1382
99
197
171
190
1697
123
615
788
450
1612
349
1894
690
659
837
604
409
685
737
1352
1767
1902
1326
1404
256
619
1140
1595
1163
1897
1729
1657
1772
1439
1453
1544
6
1187
1173
1773
1448
1731
1081
1118
1543
1209
1835
1624
1248
440
737
1576
766
838
1368
1040
1632
1965
1647
1155
151
123
777
1814
709
916
1732
1174
1311
104
1933
1350
1230
316
1636
1535
261
1805
1579
1047
379
1278
384
1992
1843
435
1727
1725
1370
1582
966
62
1288
1723
971
1463
579
1923
1990
236
228
600
1731
1232
1685
1521
272
1309
1767
538
1519
1688
718
1272
109
1810
672
366
1751
1347
969
1683
1841
1176
1996
1310
957
595
766
1583
1312
652
1010
133
495
1409
859
418
102
283
759
840
731
602
553
1207
214
892
628
978
407
264
1336
58
227
1665
1034
16
807
522
731
1509
821
1761
244
1296
859
572
147
429
31
1047
925
1339
870
1898
1720
340
757
262
787
1711
370
326
1052
815
1167
441
703
570
1950
960
1008
1948
1165
648
472
1888
1485
1042
851
872
723
1395
675
817
1830
930
614
891
1862
0
115
141
25
1723
1783
1819
1116
1424
1556
100
626
1107
507
609
842
1801
572
1358
1583
166
1375
1852
982
115
1557
1936
200
1591
773
1429
1660
1959
1059
1347
1913
1086
877
997
1370
1810
796
538
1238
1976
465
115
288
431
1757
593
933
669
1571
1704
1140
1515
971
1843
1344
1859
705
1876
649
777
651
973
1068
1196
1330
685
1283
1932
520
1404
539
1383
1594
1000
1686
1577
1658
492
1971
1006
380
1566
1110
804
677
1339
483
1774
1551
954
340
1708
133
635
493
398
959
1050
1663
150
994
1755
1279
1977
963
1110
998
862
1786
807
268
1141
1077
947
1423
1350
1149
236
1622
1249
185
378
327
293
1439
154
524
482
696
6
215
1547
416
948
475
1029
1669
574
820
606
1997
1539
1534
1871
244
420
498
1448
1937
1059
1269
58
831
138
998
1523
171
541
1751
307
1209
209
712
1859
1064
1018
455
1047
440
705
573
463
311
1918
1002
448
584
650
4
506
1906
514
1766
794
778
328
1967
393
126
273
740
759
1092
535
1755
787
148
1653
991
1031
1362
1596
1722
970
418
1290
894
1332
1893
533
9
336
794
1501
755
1769
1501
1595
1726
1301
1853
325
1327
560
1167
1087
1485
1652
1716
1661
1528
1447
669
1426
1705
1639
297
1805
491
1013
1428
362
0
711
1311
6
471
659
331
368
1242
1920
322
478
1333
325
1669
1133
1461
1975
588
1711
490
742
733
1122
1522
166
1870
1230
1623
1937
1572
750
800
480
1227
552
273
998
1518
1388
312
140
1526
1058
436
321
1108
1231
1797
1078
16
1336
263
879
702
1617
1591
857
660
12
1636
1635
633
357
585
530
904
954
1465
1617
521
1882
774
634
171
177
143
287
687
1410
1697
1502
1829
111
1022
232
1226
1586
1955
606
1139
1572
240
1414
1404
952
1783
1620
355
92
462
1610
135
1057
450
897
316
1512
1779
1383
835
635
591
317
723
416
1778
801
252
1103
1837
990
311
1523
1400
889
870
1021
529
936
1756
329
897
909
60
1890
1527
1125
650
916
146
195
628
1000
658
1377
614
1248
1837
357
1150
1998
1789
1251
1201
333
1508
977
981
521
128
1327
1256
27
1863
1060
83
1358
545
276
947
18
539
1330
1550
756
1503
1245
1800
770
375
914
573
1029
81
1600
360
1591
1752
1621
592
1059
1700
1024
690
956
1770
44
1834
968
150
834
480
1761
82
1610
1031
1862
232
1379
1276
324
635
773
415
640
107
1430
163
1035
976
1316
688
90
1744
28
1039
1131
766
1072
1462
163
31
189
735
923
1988
411
325
1682
1238
1122
991
1173
1568
478
1738
309
483
947
693
1414
732
912
324
340
1357
1013
890
94
780
329
1119
28
931
1625
83
1046
361
64
1050
1217
1141
1154
1707
953
1892
104
337
156
402
1712
1277
560
1495
1887
1635
565
104
864
655
292
1023
15
254
96
1187
376
303
1430
1695
818
523
370
800
878
1217
1959
1579
682
1408
1129
1221
1054
74
624
168
1122
1563
1328
225
752
456
893
871
783
384
352
127
1267
837
544
1361
1204
1074
1303
688
1146
1967
465
220
1629
1609
800
1966
715
1099
71
1219
1027
1091
538
1723
837
868
1262
9
799
999
1877
1771
770
17
398
126
329
1051
157
1328
472
1478
1436
1027
79
447
392
1526
48
1724
1069
418
1078
1862
692
1567
1277
234
874
163
1103
1174
1809
709
431
1804
663
1887
186
1157
1305
1566
591
376
726
1036
1571
646
84
1431
317
288
89
1106
1569
1861
310
1766
776
831
220
1654
1140
85
283
961
243
1034
407
307
1481
667
1540
537
1507
1033
881
1207
623
1574
670
1312
449
416
1431
1292
561
50
412
1567
1863
1599
1484
190
363
1470
1011
135
1189
1981
1600
468
1477
322
110
385
553
1
1331
914
443
789
141
499
567
102
865
1928
841
1830
304
1411
1266
1287
1533
516
683
528
951
1660
174
737
215
83
1110
1120
1810
221
1368
1082
1944
555
1650
422
1758
310
285
840
430
1367
1169
1887
169
1885
584
1054
920
492
1427
1896
1410
1426
1227
1591
1109
603
816
1541
799
1930
1579
1969
536
1911
779
544
1249
920
793
852
447
1437
411
562
1429
1574
1831
813
1421
1591
1375
44
1332
1856
650
112
276
118
284
12
1272
1248
833
1722
1532
1708
921
969
1067
1365
1937
1694
679
1908
1789
937
337
1676
815
356
233
1397
1523
1649
906
1043
1562
445
651
380
241
251
1729
6
860
509
117
1609
1480
1326
1094
1668
848
741
949
1926
849
1182
1366
1271
1640
1350
1387
721
918
1721
931
1290
1480
1312
1746
1822
856
726
96
1853
1888
1507
884
1184
1608
263
856
345
1143
1047
1558
722
1137
1663
255
44
