449
981
92
575
1777
510
233
599
1721
908
850
1916
1283
1652
947
864
873
115
1543
31
1390
1544
1863
591
957
1698
401
1274
101
690
355
62
467
540
1529
1598
810
55
1806
222
1641
1766
1736
618
958
788
479
1842
1818
1144
892
1356
676
1479
1076
1400
1119
22
1890
1763
394
1804
1077
990
1335
409
329
784
1157
1213
960
500
1926
1979
686
1203
849
252
1675
478
1896
962
1956
1962
137
1368
622
863
1397
1302
1667
243
163
1542
476
1004
1845
1970
1928
75
1392
1245
248
445
1899
235
1187
1342
1562
465
1685
1892
788
1207
197
1037
372
1744
902
1596
1975
964
1308
138
1218
201
1768
1467
445
521
1042
1929
1546
892
1414
1609
1360
1998
1618
743
254
1153
216
104
1957
621
784
1957
112
1739
441
1127
1003
1118
1507
1391
112
1963
87
223
257
170
1113
246
788
322
152
259
698
1257
1282
403
67
173
930
958
1936
1384
1649
433
1750
170
1995
1620
1101
1450
826
547
1946
534
545
1876
164
1933
290
1406
1189
1869
1771
473
1768
1983
312
499
1127
290
1903
278
557
796
1280
1396
1768
1772
389
867
764
1763
1374
86
1910
707
410
1448
1691
1742
1668
838
798
303
501
928
1801
1831
418
116
185
916
624
30
876
1515
452
914
1972
35
1950
525
1675
479
1069
1105
302
804
650
1139
397
1433
938
1712
571
982
1910
852
1639
1324
637
1418
1852
1802
46
612
19
682
930
1506
1209
1197
92
1415
919
583
1276
1243
1978
604
718
1555
1951
108
535
954
163
210
536
339
790
165
160
1873
900
602
958
1807
659
1832
1206
501
1875
1725
743
709
1977
409
1466
1086
1226
1046
902
1588
938
1777
1639
1586
251
1032
396
1153
123
600
807
224
1942
593
1860
535
1155
580
990
450
902
1173
1250
873
1532
1630
589
1365
683
732
1266
350
1894
1178
430
1742
376
1468
720
545
1623
124
1482
1236
172
41
477
175
1439
430
1859
1922
1991
87
899
1365
1930
1452
1472
1282
983
905
1929
164
1329
1202
230
661
204
166
1432
706
1997
1232
931
1475
380
1972
1675
205
1800
1239
194
796
99
1057
1801
989
1449
1330
1921
1432
1989
1642
1259
967
1268
50
88
918
984
503
92
547
1125
741
1833
538
1681
1549
136
324
1622
1806
1620
1720
1618
1047
1398
1221
1800
998
186
955
121
742
542
1329
1798
1777
612
737
1089
327
829
213
803
1504
283
234
1211
778
308
681
596
1572
1736
1383
117
655
1334
859
748
1245
1138
1056
364
1196
1429
1532
1375
783
899
1666
848
1480
236
168
1442
1450
168
67
621
1481
1113
1226
1643
1099
121
1976
1161
853
1724
321
861
896
796
1207
371
1319
754
164
996
1922
1586
541
1036
966
414
1900
1051
1013
1396
920
1991
1795
831
1400
975
107
1526
678
1310
2
1569
1248
1596
1872
236
816
1455
358
130
1448
1476
104
1258
376
1328
1890
1853
1181
1081
1034
1226
566
1444
1854
1187
1181
1893
1632
551
1541
436
1468
995
1769
1973
3
529
711
1929
116
482
287
1708
1976
1173
211
1262
49
1451
965
331
1238
114
83
1941
1877
1829
238
1487
829
1069
1643
678
1274
335
1735
798
825
372
518
1095
693
464
509
1124
400
885
322
986
966
1725
1282
583
976
2
971
446
992
1998
428
386
1042
1375
1630
681
808
348
1394
1690
1119
1431
518
464
1591
1345
1714
1157
1045
1561
843
1169
556
247
1637
757
1651
19
923
280
248
389
204
1892
946
941
1422
515
229
834
1364
1664
93
1938
85
751
709
706
1520
1113
1980
1495
628
1786
38
1183
1554
1690
518
598
790
951
1913
1761
1683
799
712
24
1398
290
1817
400
1384
740
1877
644
1470
302
1818
1477
1782
1711
473
214
1755
754
471
1706
1823
974
1738
1482
1728
943
1855
145
1845
281
622
217
548
1905
1134
835
801
668
1214
1493
166
437
807
886
1072
817
840
1893
716
998
182
517
110
886
115
1903
1310
441
1763
1962
405
1352
899
1840
537
277
578
859
512
1339
1344
862
872
1089
858
540
908
1291
1012
696
1248
1589
1624
145
400
355
1664
872
282
1455
444
1925
1811
381
1319
1399
1405
1702
1634
1374
1973
976
1979
1740
228
1587
1285
420
269
137
1497
1211
500
409
896
1554
118
912
1062
1884
1619
533
306
1753
350
1861
1608
1649
730
347
1285
976
760
1129
1248
1827
1371
1969
402
440
1391
1757
1513
563
1539
679
1128
1637
1094
1140
182
153
1092
1994
245
570
1610
119
1841
620
1096
350
246
1631
1891
114
1063
1882
1508
534
69
1928
519
961
626
324
1169
789
88
1499
650
195
1495
1836
1708
1320
1926
526
1944
497
1392
1261
143
1133
1132
390
555
1261
462
1336
399
601
918
668
1283
310
659
961
530
1108
772
928
751
1182
523
1328
332
596
47
368
945
1704
1011
908
22
992
1112
172
1298
1374
815
1491
992
609
1940
1641
1916
96
674
1209
1925
309
1541
1868
385
22
1009
113
1946
351
1547
1312
160
1401
1888
51
1215
151
500
793
1939
1556
1452
633
1157
1214
294
6
1751
1983
214
1301
1733
1560
796
1001
676
1974
1081
803
1645
1659
1889
652
1689
1419
732
1159
1753
1615
48
1502
1711
485
1802
533
1594
1054
595
654
1136
846
290
22
1337
1575
1210
650
1682
528
575
484
1840
1760
1417
1904
132
436
1624
1009
1481
1717
1966
447
1703
260
1101
407
399
173
426
1772
609
1166
857
1633
812
1971
1383
1450
125
617
734
166
76
823
1237
890
1559
35
1649
187
376
480
1411
1860
180
1363
1700
249
907
1679
1098
563
1724
502
1805
573
400
817
594
457
1718
427
801
1977
509
8
39
1484
1128
252
429
96
1245
1443
1485
845
219
1090
376
976
634
1713
642
1852
242
418
1991
1869
1410
485
335
1254
187
1519
777
669
651
905
458
180
638
1158
1431
1808
702
1287
479
1654
1989
1771
161
163
1495
559
496
829
1202
470
8
1728
1121
1925
1370
814
1125
670
853
1787
450
20
382
1422
52
1264
486
1746
972
941
1067
679
682
1768
1264
1489
1135
54
850
1380
1022
557
577
284
1795
120
458
1266
1406
687
784
338
208
1566
1335
895
65
1970
556
769
402
42
1985
712
1093
1398
62
1744
420
133
1712
527
578
1216
411
105
1015
1754
411
181
792
720
1503
1469
1461
373
269
663
1767
1927
1498
545
1056
1541
72
603
1176
952
1878
1567
1583
1246
840
905
1789
1366
394
170
129
1825
667
211
648
1099
207
778
962
690
197
949
657
1470
920
1739
1199
549
1719
1488
1592
1868
1798
1311
981
1899
501
701
1353
1377
1901
271
913
37
1661
1697
1282
1895
151
383
1165
1760
1806
865
17
1390
1630
853
1554
1323
1773
1316
1565
2000
1067
395
78
1400
1330
1607
1822
886
976
1118
564
1921
1712
619
1952
444
573
852
907
606
1668
453
374
1776
1949
1997
1565
1842
511
863
54
1144
1753
1798
800
844
1452
681
1126
1052
1559
1758
467
591
814
865
1738
1287
214
896
838
1625
549
1237
327
547
812
1264
294
1620
314
1555
1242
1562
743
1354
1561
1971
1157
1798
1657
686
1648
678
1954
388
1174
43
842
1928
1193
1374
1038
1357
561
973
1944
1363
660
1650
28
1336
829
806
1109
1420
1375
442
772
33
602
542
47
803
322
1364
949
228
1966
1633
1195
345
1363
1049
492
302
1487
1342
1701
578
874
1215
1598
370
731
941
1011
118
1709
121
1265
1657
1757
256
273
614
1248
1519
1835
639
1301
663
1728
1908
806
882
311
1026
413
522
670
685
1888
4
1980
1486
646
1399
984
975
1544
1323
164
36
451
198
1444
605
360
1407
645
284
1735
185
710
903
807
1639
1247
1085
95
1151
1388
115
1859
1786
278
82
1782
1873
725
1360
1878
1624
1697
1353
1368
620
697
1941
1381
982
1028
140
777
1051
112
1702
1624
912
1639
1791
165
40
824
1101
670
92
200
159
1266
1820
986
182
417
1388
999
1853
12
1088
1028
961
837
1463
1326
1427
1587
1802
1890
1417
527
1683
1418
1587
212
1514
1606
114
1384
1088
1144
1068
88
700
1953
1499
1766
48
866
1937
728
1488
1962
1111
476
807
186
64
13
1892
540
1996
1303
530
972
135
1905
1606
674
1038
1032
503
1332
1185
1086
1260
1604
578
1006
1541
1049
451
1269
1600
968
1742
289
1846
1974
192
507
769
688
11
7
482
1440
1260
1653
553
1749
682
400
956
1780
841
1081
1958
1720
1867
380
995
1598
666
945
1815
1261
1449
1150
1892
490
918
352
1421
1375
1880
1098
391
1176
575
773
367
554
142
936
1128
1857
1274
1296
910
983
1644
47
117
553
1352
1127
866
116
1633
65
1223
26
1225
992
1336
942
1475
689
1644
1855
1538
1292
21
1870
292
431
1326
593
149
795
1417
1067
1896
158
1389
101
1076
1528
1134
1364
1469
601
136
1867
1205
1245
1248
1289
1582
625
715
330
1531
373
633
658
1338
937
1768
672
909
207
1881
1136
1995
1012
526
1321
62
1746
83
1282
1092
1249
1332
1664
592
1168
1302
719
1987
808
1268
559
344
135
246
1461
718
114
824
608
914
1158
436
1791
51
960
1077
271
596
804
1499
1542
897
1187
1987
1369
1815
688
570
1267
507
330
785
174
269
571
1926
1673
1520
149
1547
1850
714
1289
1515
534
1390
1742
171
1783
1440
1942
1966
242
565
210
703
494
1033
1777
1308
1069
1779
189
513
1122
569
957
152
1272
1247
785
365
1616
815
1005
1129
230
1149
1119
179
1041
1009
523
258
1763
441
717
597
594
1022
1172
1894
988
313
1487
1048
951
1795
1239
1175
680
1743
789
1182
1991
1779
1813
1642
1316
1124
1594
202
1313
789
1412
848
25
1996
535
365
1065
1153
1976
301
272
635
89
123
1268
33
1253
1888
1961
1058
444
520
1633
916
1702
371
776
1835
1556
135
1687
1954
1261
561
1942
1930
912
607
1958
1442
1568
240
709
1267
776
1597
1078
1890
1042
441
129
1561
906
76
647
802
574
784
1101
388
1840
326
508
889
1128
918
463
1834
683
139
1658
352
1524
281
1138
1108
1194
1984
1292
68
1666
52
1152
1327
579
335
58
562
1826
1977
664
1353
932
1158
1287
1710
1803
25
930
612
483
1976
235
1132
1398
1870
1553
552
832
612
1215
1230
642
1883
952
5
1492
906
1570
990
1086
743
1198
766
1364
1556
1842
543
343
421
813
426
1810
890
1686
334
711
1212
256
1239
702
1771
1549
1586
1256
884
416
1722
1345
1476
798
900
5
1702
1587
1580
1647
1851
138
1717
1553
449
750
985
356
1744
43
1099
619
268
154
742
716
511
1377
530
1588
932
1202
